Source: Ecoli_processed_cds_paths.txt
0 536_cds
1 APECO1_cds
2 CFT073_cds
3 ED1a_cds
4 IAI39_cds
5 S88_cds
6 SMS35_cds
7 UTI89_cds
1	0.555	0.615	0.435	0.275	0.475	0.225	0.575	
0.555	1	0.535	0.475	0.305	0.775	0.28	0.85	
0.615	0.535	1	0.415	0.295	0.5	0.26	0.53	
0.435	0.475	0.415	1	0.235	0.46	0.22	0.475	
0.275	0.305	0.295	0.235	1	0.3	0.42	0.275	
0.475	0.775	0.5	0.46	0.3	1	0.3	0.74	
0.225	0.28	0.26	0.22	0.42	0.3	1	0.275	
0.575	0.85	0.53	0.475	0.275	0.74	0.275	1	
