Source: Ecoli_processed_genome_paths.txt
0 536
1 APECO1
2 CFT073
3 ED1a
4 IAI39
5 S88
6 SMS35
7 UTI89
1	0	0.65	0.005	0.115	0.005	0.105	0.005	
0	1	0.005	0.535	0.16	0.725	0.19	0.845	
0.65	0.005	1	0.005	0.105	0.005	0.1	0.01	
0.005	0.535	0.005	1	0.175	0.52	0.18	0.53	
0.115	0.16	0.105	0.175	1	0.165	0.355	0.145	
0.005	0.725	0.005	0.52	0.165	1	0.19	0.73	
0.105	0.19	0.1	0.18	0.355	0.19	1	0.185	
0.005	0.845	0.01	0.53	0.145	0.73	0.185	1	
