9
536.fna    0.000000 4.511698 4.714239 4.207354 4.380979 3.830992 4.513293 3.662499 4.766580
APEC01.fna 4.511698 0.000000 4.541904 4.109152 4.526350 3.820652 5.685873 3.700640 5.510924
CFT073.fna 4.714239 4.541904 0.000000 4.225180 4.463037 3.819148 4.609698 3.754284 4.690238
E234869.fn 4.207354 4.109152 4.225180 0.000000 4.114745 3.754331 4.201420 3.692093 4.251370
ED1a.fna   4.380979 4.526350 4.463037 4.114745 0.000000 3.832496 4.527663 3.702889 4.496621
IAI39.fna  3.830992 3.820652 3.819148 3.754331 3.832496 0.000000 3.835896 4.396767 3.805881
S88.fna    4.513293 5.685873 4.609698 4.201420 4.527663 3.835896 0.000000 3.788002 5.509392
SMS35.fna  3.662499 3.700640 3.754284 3.692093 3.702889 4.396767 3.788002 0.000000 3.722478
UTI89.fna  4.766580 5.510924 4.690238 4.251370 4.496621 3.805881 5.509392 3.722478 0.000000
