Source: Ecoli_processed_gene_paths.txt
0 536_gene
1 APEC01_gene
2 CFT073_gene
3 ED1a_gene
4 E234869_gene
5 IAI39_gene
6 S88_gene
7 SMS35_gene
8 UTI89_gene
      1  0.555  0.625  0.445   0.43   0.28  0.485   0.23   0.58
  0.555      1   0.55   0.48   0.42  0.325  0.775   0.28  0.865
  0.625   0.55      1   0.43  0.455    0.3  0.515   0.27  0.545
  0.445   0.48   0.43      1  0.395   0.26   0.47   0.24  0.485
   0.43   0.42  0.455  0.395      1  0.275   0.45   0.27   0.41
   0.28  0.325    0.3   0.26  0.275      1  0.315  0.435   0.29
  0.485  0.775  0.515   0.47   0.45  0.315      1  0.305   0.75
   0.23   0.28   0.27   0.24   0.27  0.435  0.305      1  0.275
   0.58  0.865  0.545  0.485   0.41   0.29   0.75  0.275      1
